24
2.58
9.26
F
65
2.55
68.49
F
92
0.20
92.80
F
80
0.97
31.38
M
62
1.98
94.63
F
97
1.32
10.37
F
17
0.3
52.93
F
25
1.65
97.52
M
25
1.23
13.58
M
24
0.68
32.83
M
91
2.9
46.23
M
39
2.64
10.50
F
53
0.51
3.89
F
87
2.62
72.39
F
95
0.19
2.51
F
76
1.50
25.85
F
13
2.84
34.26
M
13
1.43
85.44
M
80
2.51
90.0
M
56
2.87
38.27
M
69
1.91
76.3
M
64
0.57
35.99
M
56
0.64
61.82
M
71
1.22
22.91
M
82
2.28
7.82
F
29
2.43
47.50
F
60
1.68
19.6
M
41
0.10
44.9
M
87
0.26
17.29
M
50
1.46
28.72
M
65
2.69
19.26
M
74
1.7
65.37
F
46
1.27
88.45
M
47
1.34
16.9
F
24
2.23
48.24
M
82
1.28
6.28
F
10
2.12
1.94
M
93
2.10
55.80
F
91
2.97
58.43
F
21
2.61
37.16
M
32
1.41
22.12
F
42
1.25
72.26
F
85
2.80
13.60
M
15
0.62
57.37
M
30
2.16
85.7
F
83
0.91
3.33
F
66
1.45
72.16
F
40
2.52
12.29
M
25
0.94
83.12
F
33
0.43
51.75
F
88
1.57
91.19
M
19
1.10
78.81
F
45
0.46
75.50
F
54
0.73
85.91
M
67
2.75
50.81
F
70
2.1
20.1
M
34
1.33
15.65
F
61
1.40
90.78
M
73
2.82
73.66
M
33
0.77
10.13
F
22
1.6
8.16
F
48
2.70
87.76
F
72
2.83
61.53
M
62
0.86
4.51
F
21
0.98
11.24
F
76
0.47
15.74
M
71
0.6
82.6
F
18
1.74
27.47
M
82
1.68
71.95
M
98
0.21
97.4
F
70
0.46
72.21
F
57
0.95
54.88
F
65
1.10
57.83
M
51
2.37
32.73
M
64
2.67
23.11
F
38
1.7
28.21
M
92
0.48
88.69
M
37
1.32
67.66
M
60
2.2
27.63
M
84
2.46
57.46
F
80
1.23
45.95
F
37
2.37
58.85
M
45
1.90
8.42
F
55
0.39
54.13
M
30
2.22
68.59
F
81
0.42
37.30
M
20
2.29
15.69
F
23
1.99
93.68
M
91
0.2
68.39
F
77
2.70
29.16
M
60
2.72
2.80
F
75
2.4
73.99
M
52
1.1
69.18
F
16
1.48
87.35
F
26
1.17
85.26
M
20
2.96
76.23
F
31
0.24
23.18
M
77
2.37
55.27
M
10
2.38
25.30
M
59
2.70
49.45
F