66
0.27
91.43
M
78
2.30
40.64
F
33
0.16
50.64
M
52
1.92
0.90
M
18
0.34
40.70
F
77
1.81
24.51
M
11
1.69
34.89
F
55
1.60
76.96
F
87
0.38
28.93
F
84
2.46
69.55
M
57
1.20
71.91
M
27
0.18
7.71
F
98
1.24
72.34
F
81
2.72
65.9
M
51
0.46
2.67
F
51
1.88
31.75
M
14
0.71
94.86
M
62
1.89
23.99
F
55
1.98
59.14
F
38
1.6
74.22
F
93
1.6
33.38
M
43
1.31
18.86
M
30
0.31
30.96
M
48
1.44
59.52
F
77
2.54
28.13
M
45
2.50
40.17
F
79
1.17
55.48
F
68
1.11
59.80
M
63
0.73
25.1
F
91
0.37
50.3
F
96
0.72
41.21
M
44
0.38
38.97
M
71
2.84
64.27
F
42
1.57
11.45
M
22
0.36
39.36
F
39
0.98
71.43
M
57
1.41
90.49
F
17
1.36
63.98
F
24
2.53
99.3
M
21
0.63
51.73
F
16
0.40
84.9
F
55
0.22
71.42
F
22
0.92
42.27
M
89
1.82
37.86
F
35
2.33
58.12
M
90
2.11
72.54
M
60
1.78
21.30
F
73
2.90
17.19
F
90
1.71
9.30
M
12
2.90
2.11
F
71
1.36
90.2
M
91
0.36
18.76
M
41
2.26
46.15
M
39
1.44
74.66
M
76
2.39
50.63
M
93
1.62
65.72
F
71
1.93
22.18
M
31
1.22
89.27
F
63
1.63
81.89
M
23
0.29
92.83
M
42
0.80
52.62
F
61
0.84
54.46
F
44
0.32
12.36
M
97
1.58
99.41
M
20
0.40
24.33
F
68
1.4
66.83
F
57
0.52
50.22
F
80
0.78
15.29
F
18
0.6
99.52
F
51
2.17
3.81
F
59
1.6
89.7
M
58
1.69
43.57
F
20
2.82
12.37
F
19
0.21
26.35
F
39
0.54
88.36
M
89
0.18
78.33
F
49
0.18
28.73
M
97
0.9
98.48
F
38
2.55
42.90
M
30
1.8
44.11
M
69
0.26
60.17
M
36
0.63
36.28
F
26
2.33
82.29
F
36
0.48
39.63
F
50
2.57
20.80
M
67
1.31
0.47
M
21
2.12
40.58
M
50
2.27
9.9
M
76
1.44
59.24
F
25
1.80
60.91
F
30
1.89
88.85
F
23
2.31
90.44
M
98
2.95
5.75
M
90
0.20
97.9
M
99
1.25
16.30
F
90
1.67
52.35
F
94
0.83
27.87
F
11
0.72
48.14
M
39
2.92
53.36
M
85
2.70
52.1
F