40
2.16
95.21
F
35
2.20
61.67
F
47
1.90
44.65
F
90
2.65
42.92
F
42
0.68
75.81
F
71
1.85
67.75
F
56
0.96
69.23
F
55
0.42
62.55
F
84
1.8
25.60
F
54
1.58
2.14
F
40
2.85
18.26
F
11
1.94
22.5
F
63
0.54
77.58
F
42
0.41
96.29
F
23
2.32
44.86
F
62
2.82
49.76
F
63
1.60
39.31
F
24
1.81
38.11
F
46
1.85
44.25
F
78
1.65
46.94
F
33
0.28
14.42
F
92
0.76
52.29
F
55
0.90
21.83
F
38
2.39
2.93
F
42
1.0
78.37
F
39
2.11
5.21
F
67
0.7
50.71
F
62
0.45
26.48
F
79
2.97
81.98
F
45
0.54
99.96
F
66
1.41
31.15
F
84
2.51
72.24
F
95
0.65
88.85
F
50
1.85
33.60
F
77
2.42
40.29
F
14
2.19
67.88
F
49
1.15
82.97
F
75
1.78
3.34
F
63
1.34
20.89
F
87
1.23
83.95
F
59
1.7
36.24
F
36
0.88
28.68
F
72
2.66
15.36
F
48
0.28
14.62
F
15
2.71
13.69
F
33
2.78
73.30
F
36
2.72
48.49
F
43
2.71
92.76
F
38
2.3
39.11
F
13
0.40
54.18
F
52
1.15
36.35
F
95
1.60
90.79
F
67
1.51
53.71
F
73
0.40
69.51
F
70
2.67
31.26
F
79
1.51
70.35
F
85
2.21
8.8
F
56
1.99
78.39
F
35
2.78
49.72
F
69
0.87
38.11
F
29
2.80
58.35
F
93
0.3
39.64
F
40
2.94
2.69
F
66
1.42
81.37
F
91
1.48
72.65
F
73
2.52
16.54
F
20
2.17
5.7
F
88
2.47
63.16
F
66
0.48
17.60
F
44
0.81
70.64
F
13
0.48
13.55
F
45
0.68
74.2
F
96
1.4
63.82
F
84
0.88
57.57
F
78
2.57
69.83
F
58
2.95
59.38
F
63
0.83
90.43
F
44
0.86
40.43
F
42
0.77
59.29
F
26
2.78
87.70
F
30
1.96
79.62
F
76
1.89
27.19
F
38
2.92
35.97
F
32
1.22
65.63
F
53
0.0
81.6
F
21
2.13
35.53
F
82
1.9
23.47
F
76
0.65
84.89
F
77
0.27
25.6
F
50
0.59
75.84
F
78
1.98
56.7
F
70
0.61
66.20
F
13
0.19
19.88
F
63
2.3
93.11
F
33
2.55
62.97
F
72
1.60
97.97
F
76
1.62
21.28
F
97
2.37
57.24
F
16
0.33
22.76
F
25
0.75
38.32
F