92
1.75
30.96
M
71
2.26
44.47
M
38
0.68
84.55
M
38
2.65
40.21
M
87
1.94
56.1
M
24
0.26
26.29
M
51
0.19
67.88
M
64
0.33
80.24
M
40
2.51
58.11
M
94
0.37
10.37
M
90
0.7
8.27
M
47
2.18
99.33
M
99
0.26
14.67
M
65
0.51
75.84
M
30
1.74
37.80
M
46
0.17
54.64
M
58
0.32
11.93
M
65
2.58
43.59
M
92
1.76
43.51
M
49
1.93
77.36
M
29
0.16
48.4
M
53
1.93
9.19
M
99
0.8
53.84
M
14
2.57
17.34
M
44
1.66
69.81
M
44
2.18
54.87
M
52
0.61
18.46
M
83
1.39
10.88
M
30
0.59
44.65
M
94
1.69
55.87
M
43
1.47
28.16
M
18
0.57
96.6
M
10
2.97
44.26
M
41
0.49
37.91
M
73
1.63
80.67
M
26
1.90
30.46
M
67
0.68
84.79
M
49
2.22
28.60
M
85
1.64
91.0
M
56
1.28
71.9
M
46
0.6
73.77
M
90
1.22
68.15
M
45
1.72
51.78
M
35
1.40
0.18
M
48
0.60
60.32
M
80
2.6
67.51
M
52
1.80
10.97
M
58
2.63
31.66
M
11
2.15
46.40
M
32
1.65
84.81
M
49
1.87
20.54
M
52
0.14
65.49
M
23
0.13
62.71
M
11
0.70
88.92
M
26
2.96
88.12
M
53
1.19
52.39
M
24
2.77
32.86
M
21
2.95
45.90
M
51
0.88
60.61
M
42
0.21
65.50
M
100
1.11
76.77
M
72
2.79
18.4
M
36
2.46
32.92
M
55
2.4
94.30
M
70
2.45
59.83
M
71
0.7
58.77
M
79
0.99
76.59
M
39
2.9
65.93
M
64
0.45
37.74
M
22
2.58
88.76
M
31
0.1
36.22
M
37
0.17
94.77
M
35
1.75
34.23
M
54
1.20
13.77
M
60
0.55
81.77
M
38
0.25
1.88
M
70
0.76
98.65
M
96
0.9
86.33
M
24
1.87
62.8
M
79
0.82
11.96
M
60
0.61
38.6
M
41
0.54
42.88
M
29
1.19
84.22
M
47
1.12
98.37
M
98
0.51
11.98
M
34
1.98
46.81
M
70
2.29
88.24
M
16
1.24
12.13
M
70
1.82
4.59
M
22
1.80
69.14
M
81
1.47
97.52
M
85
1.3
36.29
M
50
1.86
62.48
M
93
0.98
12.52
M
72
0.40
99.35
M
52
0.4
18.67
M
55
2.34
38.73
M
97
0.57
38.61
M
25
0.2
3.96
M
87
0.54
6.26
M